Short
0.840,0.071,0.820,0.836,0.655,0.657,0.679,0.737,0.676,0.829,0.587,0.669,0.836,0.724,0.704,0.722,0.553,0.809,0.779,0.206,0.639,0.725,0.848,0.269,0.671,0.140
Drama
0.152,0.917,0.786,0.874,0.786,0.832,0.934,0.880,0.841,0.746,0.688,0.884,0.813,0.898,0.707,0.688,0.884,0.774,0.311,0.691,0.546,0.858,0.318,0.723,0.206
Adult
0.179,0.072,0.153,0.157,0.112,0.186,0.137,0.031,0.148,0.072,0.103,0.113,0.133,0.057,0.085,0.090,0.057,0.044,0.045,0.018,0.090,0.031,0.053,0.020
Comedy
0.780,0.792,0.756,0.791,0.892,0.794,0.812,0.736,0.708,0.860,0.798,0.816,0.756,0.676,0.831,0.699,0.361,0.605,0.527,0.858,0.447,0.665,0.263
Documentary
0.597,0.569,0.649,0.676,0.620,0.818,0.589,0.763,0.730,0.684,0.636,0.682,0.646,0.902,0.873,0.351,0.708,0.746,0.796,0.456,0.621,0.248
Thriller
0.930,0.916,0.773,0.958,0.636,0.743,0.526,0.803,0.843,0.967,0.606,0.575,0.702,0.624,0.259,0.595,0.367,0.676,0.257,0.727,0.175
Horror
0.849,0.686,0.845,0.584,0.682,0.498,0.778,0.817,0.893,0.593,0.511,0.635,0.570,0.231,0.533,0.361,0.651,0.244,0.687,0.158
Action
0.723,0.896,0.685,0.783,0.546,0.831,0.897,0.871,0.679,0.630,0.714,0.679,0.281,0.662,0.423,0.692,0.298,0.761,0.198
Romance
0.768,0.754,0.702,0.643,0.813,0.710,0.803,0.626,0.641,0.796,0.657,0.288,0.590,0.445,0.813,0.281,0.605,0.180
Crime
0.643,0.712,0.548,0.766,0.791,0.947,0.589,0.585,0.729,0.649,0.257,0.596,0.404,0.690,0.263,0.710,0.170
Family
0.676,0.661,0.853,0.719,0.686,0.797,0.649,0.840,0.766,0.347,0.637,0.661,0.824,0.363,0.648,0.249
Music
0.510,0.773,0.765,0.740,0.660,0.559,0.655,0.593,0.302,0.560,0.369,0.639,0.303,0.619,0.205
Adventure
0.644,0.572,0.564,0.590,0.557,0.769,0.635,0.408,0.503,0.551,0.806,0.457,0.502,0.348
Fantasy
0.868,0.840,0.852,0.610,0.797,0.727,0.281,0.650,0.529,0.837,0.316,0.720,0.193
Sci-Fi
0.836,0.760,0.588,0.717,0.688,0.304,0.654,0.470,0.717,0.325,0.706,0.226
Mystery
0.655,0.585,0.740,0.655,0.276,0.603,0.403,0.723,0.282,0.713,0.189
Animation
0.530,0.698,0.615,0.317,0.535,0.460,0.725,0.409,0.582,0.239
Sport
0.667,0.591,0.524,0.511,0.512,0.614,0.442,0.498,0.427
Biography
0.878,0.325,0.737,0.673,0.836,0.425,0.661,0.220
History
0.250,0.866,0.748,0.741,0.300,0.660,0.169
Reality-TV
0.202,0.409,0.291,0.707,0.230,0.922
War
0.561,0.617,0.227,0.574,0.133
News
0.596,0.402,0.469,0.380
Musical
0.335,0.636,0.215
Talk-Show
0.237,0.663
Western
0.163
Game-Show
